#pragma once

float ekf_cov_init[12][12] = {
	{ 0.016581, 0.012553, -0.001402, 0.021037, 0.008371, 0.000004, 0.001205, -0.001149, 0.000111, 0.002926, 0.000478, 0.000161, },
	{ 0.012553, 0.050842, -0.001430, 0.017085, 0.044607, 0.000579, 0.002237, 0.000606, -0.000192, 0.008332, -0.000189, 0.000128, },
	{ -0.001402, -0.001430, 0.014172, -0.002663, 0.004619, 0.007947, 0.000665, 0.000686, 0.000009, -0.000131, -0.000091, 0.000293, },
	{ 0.021037, 0.017085, -0.002663, 0.043696, 0.011772, -0.001764, 0.001676, -0.002190, -0.001367, 0.003838, -0.000162, 0.000175, },
	{ 0.008371, 0.044607, 0.004619, 0.011772, 0.065035, -0.001860, 0.003072, 0.001589, 0.000008, 0.007030, -0.000240, -0.000232, },
	{ 0.000004, 0.000579, 0.007947, -0.001764, -0.001860, 0.012983, 0.000133, 0.000083, 0.000017, 0.000270, 0.000134, 0.000026, },
	{ 0.001205, 0.002237, 0.000665, 0.001676, 0.003072, 0.000133, 0.000492, 0.000038, 0.000052, 0.000380, 0.000007, 0.000037, },
	{ -0.001149, 0.000606, 0.000686, -0.002190, 0.001589, 0.000083, 0.000038, 0.000464, -0.000076, 0.000016, -0.000042, 0.000007, },
	{ 0.000111, -0.000192, 0.000009, -0.001367, 0.000008, 0.000017, 0.000052, -0.000076, 0.000551, -0.000039, -0.000005, -0.000005, },
	{ 0.002926, 0.008332, -0.000131, 0.003838, 0.007030, 0.000270, 0.000380, 0.000016, -0.000039, 0.100000, 0.000000, 0.000000, },
	{ 0.000478, -0.000189, -0.000091, -0.000162, -0.000240, 0.000134, 0.000007, -0.000042, -0.000005, 0.000000, 0.100000, 0.000000, },
	{ 0.000161, 0.000128, 0.000293, 0.000175, -0.000232, 0.000026, 0.000037, 0.000007, -0.000005, 0.000000, 0.000000, 0.100000, },
};